320 280
540 370
570 100
550 50
120 230
130 380
60 460
420 420
150 350
460 410
320 320
50 320
220 540
290 460
240 330
370 100
220 540
470 510
260 150
520 190
310 540
410 280
460 340
60 540
370 210
400 140
540 110
530 110
200 350
520 500
420 300
570 200
320 180
400 380
540 190
430 280
350 320
360 140
70 390
320 540
400 590
260 360
310 320
240 350
380 250
450 110
590 390
530 60
470 530
50 580
540 560
440 220
140 580
480 510
430 440
110 380
510 420
380 310
90 460
560 370
420 550
290 510
50 270
230 560
450 170
510 570
280 80
490 180
460 490
560 120
190 50
280 240
360 390
400 270
90 340
360 120
350 450
310 390
440 200
90 170
390 270
320 490
300 70
490 360
170 240
390 410
520 310
490 370
480 110
390 570
220 250
320 490
140 80
120 460
180 260
470 150
400 540
470 280
590 590
100 460
140 410
350 430
130 70
550 260
130 120
170 480
580 190
520 280
570 50
170 510
360 500
360 50
330 270
320 490
110 190
260 270
120 310
570 200
520 400
380 260
280 590
270 580
510 410
310 60
470 390
560 330
550 500
320 210
300 200
80 150
570 380
330 240
100 140
540 290
380 150
380 280
340 270
80 310
400 450
330 550
270 450
420 340
60 450
190 140
380 530
220 510
380 360
360 90
250 520
550 510
450 340
230 300
430 70
500 210
350 310
430 310
100 120
220 50
420 570
150 290
140 370
210 160
540 580
120 290
110 350
220 560
100 530
500 320
410 420
400 410
570 570
470 490
230 80
190 200
70 180
520 60
310 590
320 380
300 330
270 100
210 420
220 340
430 250
510 220
310 50
220 490
340 430
120 220
70 70
260 370
190 520
250 50
380 220
140 420
550 490
300 300
50 100
60 70
120 180
290 210
490 590
460 590
400 460
300 250
570 370
100 530
130 120
150 300
50 330
300 210
380 250
360 200
130 210
530 330
410 170
60 470
490 260
580 370
160 110
230 280
400 370
520 240
390 280
250 430
220 220
370 70
370 340
160 60
110 110
100 170
550 270
60 360
110 100
500 310
440 300
360 510
560 260
210 490
540 560
330 90
550 530
140 130
60 60
430 260
110 440
200 200
90 420
60 580
320 520
470 410
360 350
50 450
210 180
90 50
390 210
210 70
380 60
400 410
360 430
540 550
170 180
310 160
130 460
50 80
580 440
590 440
490 380
70 230
300 380
200 60
130 400
440 450
110 330
380 100
340 570
490 320
380 330
280 310
120 100
160 460
590 180
510 540
510 170
580 480
580 500
160 510
490 500
250 370
130 260
90 590
350 300
200 390
170 380
70 380
470 50
180 200
420 50
470 130
340 570
500 60
220 100
510 170
200 520
290 590
340 550
180 250
500 370
170 170
510 550
360 430
550 540
200 60
420 530
460 520
480 320
340 190
170 450
200 540
240 570
360 420
300 310
130 390
550 450
520 370
50 190
570 350
150 470
520 380
300 230
340 410
500 100
270 420
90 220
200 380
420 460
340 300
90 320
570 420
340 120
350 330
400 510
390 320
170 190
340 520
200 390
530 560
560 220
430 340
190 120
80 370
310 390
490 120
200 110
420 310
200 190
360 290
210 100
110 220
490 270
520 530
300 150
490 540
450 160
180 420
310 300
560 280
130 500
160 470
300 440
410 380
370 230
380 480
90 80
80 310
560 440
270 540
470 70
420 290
240 90
310 580
460 480
210 350
430 410
130 420
390 550
480 410
510 570
480 340
150 90
260 570
180 370
490 100
300 570
210 480
470 160
230 220
100 260
190 180
210 410
390 310
110 200
360 510
170 230
560 330
110 450
170 350
120 480
90 80
470 300
380 570
540 310
540 440
540 480
180 470
560 540
590 130
580 590
320 450
50 330
260 570
470 420
330 190
160 480
160 450
160 580
50 490
250 580
380 230
80 420
300 580
580 430
60 100
330 150
390 280
450 500
400 170
560 200
100 470
240 90
580 540
590 500
350 430
180 480
190 390
70 170
350 290
550 400
190 360
510 220
110 100
130 410
330 290
370 410
380 140
310 530
440 470
590 250
150 480
560 250
390 50
450 410
160 220
540 90
180 310
570 70
350 100
570 420
170 100
450 290
110 180
390 300
260 510
300 310
60 380
280 320
500 50
90 540
440 270
150 540
240 500
320 150
270 190
110 570
110 350
50 500
530 470
70 350
510 70
240 290
550 50
300 210
330 480
450 220
270 320
310 350
270 260
400 550
440 200
100 90
530 300
200 320
580 510
450 270
360 500
590 340
540 230
180 470
310 510
330 470
100 350
270 210
120 430
410 540
450 400
470 450
220 280
380 370
290 310
570 590
430 210
220 480
270 340
430 270
230 240
440 320
330 570
550 220
300 470
210 270
380 550
210 50
530 480
150 360
180 500
340 120
300 280
390 340
520 360
270 560
340 420
280 90
310 480
320 380
140 230
380 150
210 420
170 180
370 390
440 180
110 410
300 310
540 380
420 410
580 230
280 580
570 230
100 430
300 230
320 410
340 100
280 230
350 250
390 390
80 530
580 260
440 230
330 180
540 220
510 450
290 370
280 100
150 200
50 260
430 60
170 70
350 250
480 370
60 80
310 390
440 570
80 220
580 340
240 310
210 60
420 410
570 290
510 430
260 280
400 210
60 240
270 460
130 80
240 100
60 160
470 480
210 240
520 140
220 120
560 210
90 80
240 230
210 200
190 280
250 360
200 460
250 400
480 320
240 110
120 60
540 560
190 380
220 310
50 410
120 470
150 160
340 510
100 350
80 100
520 380
580 240
190 100
460 140
420 410
350 350
320 340
580 230
130 370
210 120
360 530
590 360
130 350
160 420
500 580
180 280
500 340
280 540
350 220
190 450
200 110
260 590
350 300
360 170
380 440
50 180
300 110
140 490
320 310
440 320
80 580
420 400
150 90
50 480
550 550
70 450
510 270
130 280
230 290
520 370
330 480
270 300
250 410
380 350
580 250
550 330
580 370
120 110
150 200
480 180
380 70
520 560
420 160
180 70
240 570
220 200
410 230
350 50
430 100
190 330
140 390
70 90
210 290
500 390
80 110
290 130
100 240
380 420
460 470
480 410
260 360
590 80
100 100
180 270
230 430
160 50
320 180
440 580
70 390
230 80
480 310
500 420
510 520
200 470
380 430
440 160
300 540
410 350
490 150
210 220
220 330
320 400
320 310
80 270
500 400
520 470
150 150
380 190
140 530
540 350
230 400
140 70
90 560
50 400
120 520
240 180
460 270
60 440
580 230
540 110
220 250
170 580
580 310
230 50
60 140
470 90
290 500
300 580
260 410
510 370
80 110
200 180
480 490
100 140
150 530
510 300
490 130
310 190
230 530
120 430
80 470
460 260
480 570
360 500
520 320
510 100
150 430
420 270
430 590
590 70
370 90
180 110
590 590
470 430
170 120
480 330
570 210
450 310
360 250
160 350
510 480
310 240
460 50
480 50
180 580
410 180
80 580
550 440
220 50
420 580
330 430
330 50
350 460
150 530
500 530
280 240
530 250
460 320
200 480
170 480
140 200
370 350
310 460
280 570
580 230
510 200
240 90
50 430
490 570
270 70
590 540
460 90
580 560
260 230
490 170
370 190
130 440
590 310
560 470
230 500
550 340
330 70
130 320
230 260
180 490
520 480
380 420
510 130
180 350
470 470
290 80
350 90
160 260
110 460
490 420
140 160
590 500
70 230
530 450
150 60
480 530
430 300
340 360
510 470
90 60
170 60
130 350
370 590
460 250
290 260
540 560
280 330
590 420
330 140
410 430
220 240
450 170
120 480
90 490
520 230
120 490
190 540
440 190
270 430
280 560
360 370
170 210
210 300
430 230
120 560
480 50
440 420
60 330
580 420
350 510
370 160
250 420
140 520
590 390
540 530
80 400
270 250
390 300
90 250
140 240
80 260
210 130
530 180
350 570
200 50
330 210
230 210
90 210
380 400
150 430
470 460
210 340
190 400
440 390
250 390
140 580
360 590
340 570
400 450
110 130
390 320
320 510
60 350
440 390
480 100
260 170
460 140
590 280
310 350
190 280
330 420
400 250
230 50
110 360
200 580
60 410
370 170
170 330
70 570
240 80
440 430
350 240
450 330
310 570
130 400
380 160
70 350
550 570
310 540
70 370
130 70
380 560
90 300
190 570
240 60
300 180
420 260
310 580
350 150
120 410
120 350
110 430
310 180
240 180
400 120
220 270
480 210
470 120
320 420
360 320
290 480
430 280
320 330
140 110
580 540
460 580
130 130
260 50
190 570
290 220
340 120
560 120
420 450
310 530
250 420
240 110
450 470
430 460
270 590
240 380
590 280
260 100
470 200
110 540
580 290
430 450
350 440
50 270
510 120
420 410
80 390
360 470
320 510
280 480
170 130
270 160
290 70
350 100
90 100
540 580
580 100
580 590
460 150
270 150
170 180
330 310
170 210
430 320
310 550
100 580
150 590
270 530
590 60
80 550
140 350
430 300
280 290
150 160
200 580
80 480
100 450
390 550
430 110
210 200
420 320
90 90
330 430
550 360
90 590
410 100
500 560
60 590
520 100
330 330
480 130
110 300
120 180
330 530
460 390
490 120
480 480
100 520
520 420
380 590
100 500
200 250
590 340
130 250
140 560
280 510
490 80
200 310
560 210
270 540
70 500
350 540
460 490
200 480
570 110
160 550
220 480
300 550
140 570
330 430
130 240
220 330
380 370
320 590
200 440
580 300
540 130
90 50
270 390
400 400
370 120
280 560
560 490
90 150
390 380
70 310
290 560
540 290
250 390
380 260
380 440
440 580
60 200
120 280
380 570
400 370
250 450
120 300
370 110
140 290
370 240
500 140
380 530
80 550
530 540
50 280
580 480
500 560
70 150
590 400
540 560
260 130
250 530
110 210
260 540
560 550
340 280
180 360
320 520
510 140
440 230
160 310
550 470
590 420
580 170
450 340
410 500
280 430
530 130
520 240
520 100
480 490
190 460
570 580
80 90
80 540
60 260
440 200
140 170
580 120
370 580
80 280
270 370
290 60
130 300
110 520
100 290
580 440
420 590
440 80
140 510
470 150
570 500
80 480
330 80
70 360
140 550
170 100
270 320
50 300
180 190
580 80
120 100
290 570
270 170
480 530
330 330
580 580
70 460
500 330
420 90
330 70
510 190
580 240
540 170
240 470
580 270
170 430
180 290
460 440
480 440
300 130
440 200
480 570
410 260
350 230
220 80
220 480
400 90
170 590
100 110
510 470
110 390
180 550
570 310
270 400
140 260
60 380
320 190
360 60
520 50
100 380
150 370
50 540
370 210
380 500
420 360
200 80
380 580
190 200
470 140
460 220
440 460
520 410
290 590
210 70
500 150
250 240
360 540
580 430
370 180
340 250
140 440
260 80
390 250
560 550
420 290
270 530
130 530
390 300
290 260
360 200
500 590
230 110
120 540
540 400
200 60
320 420
390 310
370 460
590 570
290 300
430 150
200 260
580 370
310 130
280 270
490 300
580 120
240 500
110 50
430 330
240 570
190 80
110 360
190 380
130 140
160 320
460 60
420 560
370 110
360 340
290 500
220 430
530 250
320 340
190 290
450 260
330 130
210 500
180 290
120 500
270 90
60 470
170 580
290 90
300 330
280 50
470 250
360 470
110 490
190 130
330 160
100 310
250 140
430 260
50 60
520 460
180 590
320 370
160 400
440 350
220 210
340 410
120 50
270 410
60 400
200 80
500 440
60 290
510 590
150 50
500 430
470 170
150 560
350 310
440 140
500 70
70 250
400 160
430 100
410 570
560 230
510 530
200 320
260 190
500 230
80 480
120 490
580 370
280 300
330 510
390 490
270 90
270 370
180 230
410 570
210 240
340 50
550 180
140 450
320 280
400 140
480 80
130 90
410 270
300 270
70 460
160 160
480 100
170 550
130 90
570 430
50 520
100 160
230 70
60 360
420 310
590 530
260 370
390 470
520 140
540 60
520 240
370 250
290 400
190 200
270 260
160 530
110 150
480 230
190 280
440 80
80 290
570 140
200 280
540 140
80 520
540 400
160 90
540 380
280 570
400 530
220 300
320 370
140 200
540 350
470 260
380 540
50 230
410 60
250 580
70 280
510 290
510 170
240 240
240 180
230 350
220 190
110 340
190 470
340 460
300 480
340 80
220 340
350 100
380 310
50 240
240 120
520 440
210 300
310 560
100 50
540 530
300 560
520 50
480 270
530 510
480 110
370 470
50 310
290 380
220 60
560 360
270 140
130 510
80 200
410 100
480 500
260 140
180 110
370 240
360 370
450 380
120 200
140 540
150 290
220 180
550 410
530 510
290 410
230 320
450 500
350 150
420 490
180 90
230 70
340 320
510 580
580 140
60 280
190 70
550 170
560 350
280 310
160 430
150 450
200 580
370 590
450 420
280 50
260 520
590 190
380 180
490 580
180 280
400 270
560 220
470 150
370 520
350 510
250 420
290 160
510 60
450 170
140 380
170 250
540 490
80 120
340 360
560 380
570 430
240 180
360 470
110 180
250 590
550 350
380 580
430 420
300 410
80 360
90 480
330 110
180 370
540 210
50 350
340 330
260 470
190 470
460 360
280 320
480 570
50 110
250 460
180 480
210 440
290 400
100 470
300 50
240 460
240 210
80 380
180 370
400 530
520 160
250 550
280 330
320 330
250 470
70 270
170 320
200 110
540 380
260 470
520 360
140 570
330 250
580 410
500 420
530 230
220 530
90 420
390 440
370 510
350 50
260 530
150 110
240 500
190 220
560 560
250 210
170 380
100 80
310 100
410 550
210 180
300 460
580 210
290 360
560 330
150 260
50 410
190 100
540 130
160 310
200 420
120 150
220 500
280 540
70 540
320 130
220 390
110 320
520 580
270 330
320 270
70 220
440 130
140 480
180 430
260 570
580 170
460 470
310 70
390 320
170 120
360 530
140 140
360 460
470 130
330 90
490 450
490 390
340 520
230 380
580 80
210 460
50 170
180 150
510 270
50 150
430 420
330 370
250 530
520 530
300 440
260 280
270 270
70 540
150 90
100 90
530 540
310 90
50 310
550 190
300 590
430 280
540 160
250 430
320 160
530 60
470 400
480 370
220 160
450 440
160 260
590 330
570 60
500 190
580 470
80 550
70 270
570 150
120 360
390 590
190 70
460 400
590 310
440 430
530 60
270 80
390 580
240 250
580 550
420 110
130 450
400 440
280 360
140 450
90 480
340 590
530 420
480 190
80 90
310 290
530 540
100 560
70 160
110 60
240 210
230 550
560 70
150 190
560 300
340 190
140 290
420 250
190 230
60 530
590 110
570 490
150 50
570 420
540 100
300 110
50 240
580 350
60 570
310 440
200 400
320 60
550 300
430 320
200 200
150 200
50 480
590 60
250 590
480 330
340 110
300 520
290 450
160 560
250 310
170 280
570 290
330 490
500 160
210 420
480 430
270 550
460 350
470 190
70 140
480 480
100 360
240 230
530 100
220 390
300 310
410 300
380 110
80 470
150 300
190 440
430 180
100 360
500 420
520 210
400 310
290 590
460 100
290 390
340 400
500 280
50 70
330 570
100 90
130 80
140 140
260 340
340 180
170 50
220 290
330 110
400 260
380 310
210 440
240 430
80 170
90 60
180 60
130 200
410 550
300 590
80 240
320 420
560 410
500 360
420 550
450 70
380 360
430 510
570 340
570 390
200 410
590 380
380 330
150 160
110 70
250 90
550 110
270 560
420 360
490 470
550 380
290 440
330 400
190 180
70 370
590 150
460 140
410 320
460 490
310 530
300 340
560 550
350 190
60 360
100 590
400 410
360 270
450 100
290 340
570 430
510 420
330 570
140 420
110 580
240 80
400 190
450 320
370 300
70 70
240 190
320 260
230 60
400 210
410 390
590 240
450 550
100 510
310 480
250 80
150 580
70 140
190 420
540 480
290 460
80 150
250 490
380 160
130 240
370 70
330 440
160 530
560 300
580 140
490 400
400 320
290 490
360 190
90 390
130 80
470 440
80 320
560 500
50 90
350 230
60 350
70 120
170 500
70 360
420 190
400 420
60 330
470 440
410 200
210 480
590 360
240 540
520 160
560 180
510 460
90 80
320 140
300 50
460 340
420 160
310 50
540 530
270 290
90 230
90 170
450 50
70 410
380 180
480 220
400 560
500 320
190 230
560 440
220 250
150 410
310 210
510 430
120 210
580 540
420 520
510 170
580 590
210 280
440 160
150 380
210 460
380 250
50 450
440 230
320 70
280 370
440 340
110 190
520 230
70 460
560 380
170 470
460 160
310 590
190 410
520 250
310 200
310 80
410 540
440 370
160 330
260 300
390 480
190 190
90 400
550 220
260 170
90 590
60 420
560 310
340 430
310 120
180 560
50 300
570 480
130 270
360 550
110 560
500 70
190 350
430 490
580 360
220 550
470 160
420 150
150 390
90 240
510 150
490 220
60 580
290 150
120 590
330 260
290 440
320 320
320 330
360 330
370 450
260 130
400 430
360 420
420 120
180 480
80 430
320 250
400 140
140 150
200 350
180 540
110 190
440 570
540 280
510 300
540 410
70 150
200 240
140 140
280 140
460 320
450 590
560 390
490 300
360 380
230 420
560 80
550 290
420 310
80 160
380 280
580 330
230 450
140 220
570 160
180 310
560 250
400 390
520 440
510 490
140 430
470 530
90 190
170 310
420 300
310 490
80 280
340 220
500 300
140 550
160 210
270 330
430 170
110 520
520 390
130 320
130 480
500 290
390 200
380 340
410 360
80 60
180 240
410 160
460 480
170 400
280 400
220 490
160 230
240 360
310 90
590 290
580 520
370 80
250 420
460 330
390 450
500 110
200 120
190 130
360 260
170 270
140 390
540 460
50 470
430 90
470 300
360 500
300 490
260 240
460 140
270 210
160 130
160 80
220 330
330 80
260 420
440 390
530 470
150 270
320 240
420 330
160 300
100 420
360 240
110 100
120 270
460 340
460 400
230 350
340 290
50 290
540 530
200 570
470 490
480 440
210 310
90 50
70 340
210 490
210 150
550 190
260 240
590 400
430 550
90 190
250 500
160 330
270 300
420 370
540 520
560 180
100 370
500 380
470 340
350 120
110 360
570 200
530 420
310 330
450 280
120 120
60 270
560 60
350 550
320 50
320 390
400 540
160 150
80 480
350 420
340 100
190 570
270 220
400 320
240 180
60 300
130 290
280 170
130 260
580 70
480 570
90 310
380 70
320 440
220 500
150 160
590 310
290 410
370 440
560 70
140 160
280 160
540 200
130 560
320 450
350 420
380 60
70 570
300 110
130 550
100 210
290 110
470 100
290 550
220 390
90 220
80 530
390 510
530 310
430 300
150 540
590 270
290 240
450 470
430 240
570 290
290 250
210 190
330 250
100 180
560 330
160 390
500 260
550 280
190 460
150 250
250 420
260 530
590 540
60 540
140 550
450 200
450 340
430 270
70 470
450 310
220 470
230 280
140 580
480 160
430 220
420 160
290 310
380 60
470 270
410 270
220 250
490 310
60 150
490 80
260 380
520 50
210 50
60 350
450 200
580 340
390 540
190 310
480 110
160 60
290 430
330 420
250 330
330 90
550 160
460 330
120 180
210 410
290 570
260 370
540 440
270 220
120 130
500 100
130 220
520 230
500 230
70 420
420 200
420 130
170 390
70 200
520 540
220 220
350 90
190 320
200 180
560 440
430 270
340 70
430 190
50 310
50 140
320 120
80 210
560 110
230 540
100 60
200 400
150 280
400 290
430 520
240 120
490 480
50 80
90 570
170 140
320 380
200 200
50 500
330 280
100 440
260 580
90 200
220 130
140 430
460 540
160 450
410 160
80 280
480 80
90 70
460 520
330 170
80 460
150 590
260 470
410 150
200 370
290 280
130 290
400 200
470 480
210 580
270 580
100 430
120 490
420 340
280 270
310 470
170 70
120 500
230 260
500 410
220 540
180 420
380 290
120 240
510 480
410 160
480 460
290 410
440 300
70 480
550 400
590 250
340 60
480 440
250 100
320 420
460 220
500 330
470 140
260 240
100 450
250 120
190 410
240 230
570 580
200 90
160 70
460 250
440 310
180 480
60 280
50 490
160 400
450 280
560 90
200 450
500 160
530 170
120 200
60 150
170 270
500 110
160 130
280 60
110 590
580 530
470 100
370 450
490 230
490 130
490 470
470 80
260 460
360 460
120 410
80 190
180 90
410 300
420 400
520 330
470 220
290 390
170 450
120 360
150 510
340 400
440 320
120 260
160 100
110 400
200 400
150 560
230 380
350 150
570 390
370 530
250 510
560 180
110 500
530 190
230 320
560 80
240 460
160 300
470 250
170 560
360 240
300 260
310 410
440 500
470 550
340 80
540 170
460 220
50 460
130 120
490 350
370 350
580 160
330 190
190 240
230 260
480 360
190 100
500 110
200 90
490 70
570 70
80 80
370 550
360 550
330 560
210 310
300 130
280 460
450 470
140 60
550 130
130 290
230 460
140 70
210 500
400 230
570 250
520 150
320 160
450 590
60 400
530 200
80 260
130 590
420 250
450 540
530 170
340 560
470 100
590 460
300 530
290 90
450 440
70 440
50 190
480 110
130 210
260 460
360 310
360 540
460 120
260 480
170 90
310 590
90 130
310 410
80 200
200 340
180 230
250 490
70 560
440 70
110 150
580 200
440 340
460 230
350 560
530 210
450 190
540 260
250 140
170 310
340 220
180 540
420 240
120 200
230 240
440 520
280 310
540 60
110 560
180 520
190 90
230 500
230 90
350 460
470 190
240 380
550 160
470 480
380 340
580 550
350 370
80 490
190 250
380 190
490 470
210 160
530 450
230 360
400 220
510 380
590 230
260 500
400 350
320 150
130 470
70 110
190 510
90 100
80 100
260 430
150 500
70 240
560 70
310 220
410 360
320 590
360 590
390 50
90 300
370 410
250 380
230 130
580 430
140 340
590 310
570 530
150 280
290 70
240 510
480 540
590 330
120 560
490 550
510 330
450 300
210 430
120 420
70 160
80 370
380 590
190 240
120 100
150 280
270 170
570 280
210 440
500 290
290 170
210 410
90 270
370 110
180 320
380 400
580 370
50 490
160 290
510 130
150 270
460 430
300 180
50 120
530 240
400 470
470 50
380 160
230 560
520 140
100 140
240 120
160 280
380 450
60 550
590 90
450 320
220 460
360 410
370 310
580 500
310 220
510 580
520 320
440 430
540 450
60 290
450 500
250 430
60 540
160 550
570 530
400 190
520 260
560 60
330 100
270 490
160 80
480 520
540 290
180 550
210 530
50 190
160 170
490 430
470 470
580 400
570 460
210 220
330 120
240 500
500 310
70 570
220 520
150 190
580 570
500 230
430 110
160 240
470 300
400 420
460 210
550 470
390 230
120 320
500 550
250 440
130 290
320 90
560 460
360 100
90 140
230 200
270 450
140 250
100 510
420 150
430 300
400 130
390 230
120 200
460 420
550 340
450 200
460 210
200 390
590 530
180 450
460 230
480 400
540 440
100 220
440 560
150 250
110 470
370 340
530 500
110 240
420 350
310 550
130 150
70 580
50 80
240 160
210 380
300 390
150 580
500 230
490 320
140 270
330 150
370 410
360 120
160 470
360 150
120 210
320 500
50 420
100 140
310 270
500 570
590 410
330 240
580 250
230 520
440 450
300 500
510 170
560 430
490 370
230 150
530 310
540 380
150 110
470 240
190 340
290 220
180 520
430 110
510 530
370 200
260 470
280 160
370 340
460 460
100 580
60 500
170 320
90 120
400 300
80 390
280 160
120 370
290 390
520 190
240 140
430 550
400 460
440 510
360 580
380 250
50 490
360 230
590 120
140 110
320 360
320 170
70 100
280 590
320 380
520 540
260 120
290 200
130 160
280 50
260 100
370 500
230 240
530 50
130 340
200 270
390 580
540 160
580 420
160 250
250 400
420 50
270 320
120 360
420 60
200 480
420 380
550 480
300 420
470 250
570 110
220 60
580 490
170 210
440 100
150 100
210 430
90 590
420 130
340 530
280 580
390 540
510 230
170 390
100 150
460 280
220 550
500 310
540 440
290 420
550 230
410 280
210 50
510 340
410 530
570 290
390 400
460 280
60 340
380 220
440 330
470 570
110 470
90 370
260 90
190 320
240 570
220 530
430 120
350 380
210 390
310 180
250 500
80 540
500 520
210 140
400 390
380 150
570 50
290 310
340 90
480 330
380 310
390 230
250 220
230 490
230 90
380 540
300 350
70 50
450 450
280 490
450 500
450 120
250 540
480 220
90 470
250 230
330 310
180 60
160 290
310 370
510 240
130 270
490 90
380 440
140 460
370 50
530 240
220 80
160 360
590 210
420 490
240 100
390 360
540 460
200 260
330 470
560 310
420 490
540 360
130 320
80 290
340 550
130 230
220 440
110 350
430 110
580 330
500 140
550 410
140 420
530 400
150 590
550 380
120 420
460 430
440 580
460 340
500 180
110 310
90 340
160 230
170 470
420 520
500 330
460 420
330 330
250 490
190 580
460 200
100 70
380 270
370 540
400 90
260 330
140 180
180 360
130 160
350 530
580 310
70 590
310 330
330 310
90 150
540 230
250 230
300 50
570 270
450 300
210 460
500 240
300 590
90 380
230 310
280 270
550 310
550 500
340 390
100 270
420 400
350 180
260 110
100 100
250 170
470 350
90 470
370 410
240 290
560 380
410 490
320 210
530 490
440 130
260 290
390 120
570 170
100 330
110 220
520 70
500 380
120 160
310 160
220 390
190 300
230 110
160 380
410 220
420 530
420 230
270 430
190 230
370 470
70 590
220 460
270 160
50 330
530 480
190 250
380 260
210 510
130 210
290 370
510 100
420 440
150 390
60 300
500 110
400 520
230 310
590 290
540 120
260 70
280 440
200 160
50 320
150 360
150 270
560 460
440 510
50 460
100 420
330 400
590 490
490 50
350 290
220 230
300 510
360 440
230 320
460 270
160 80
190 390
320 410
400 500
240 130
210 130
550 250
500 330
110 290
60 270
460 590
440 420
260 590
590 130
540 500
140 400
70 530
130 470
230 480
400 320
310 170
530 200
520 150
390 120
510 510
160 250
400 470
280 360
450 550
530 290
340 220
390 350
410 580
360 120
70 510
310 150
480 430
450 360
260 530
140 320
340 140
270 280
360 260
80 350
490 110
150 390
490 500
170 280
260 570
380 530
270 530
330 560
350 280
100 360
180 250
320 470
110 430
550 590
500 200
140 300
300 460
160 550
560 330
100 170
280 140
60 550
60 310
430 410
440 560
360 200
130 50
390 570
130 60
80 230
210 350
340 180
100 60
490 100
150 450
60 350
320 210
410 520
480 260
150 240
150 210
100 560
180 200
250 130
510 550
90 80
330 410
180 570
140 220
380 390
590 190
70 500
200 260
460 360
450 110
130 560
60 320
390 430
300 240
520 190
580 490
220 200
360 500
60 470
270 480
490 500
340 190
420 270
590 480
360 510
590 470
310 380
360 80
440 390
580 400
80 430
460 70
250 430
220 470
490 210
340 240
430 370
180 390
340 230
430 320
300 340
360 110
210 130
580 410
320 100
220 150
520 420
310 290
330 250
270 120
210 280
470 580
340 190
470 180
180 330
180 290
130 60
50 370
70 270
400 540
130 230
580 560
330 530
80 140
400 480
540 50
330 150
50 50
570 290
190 230
580 160
150 340
260 590
470 120
480 160
330 370
220 60
240 330
430 240
170 560
410 140
340 430
150 410
170 580
230 530
100 280
160 530
420 530
500 460
460 90
500 450
170 480
460 210
260 240
480 110
290 470
480 250
260 180
200 160
470 200
190 50
340 80
540 130
580 470
430 60
80 210
590 440
440 180
220 80
150 530
70 230
130 210
220 70
350 560
510 50
410 250
550 120
460 60
220 150
330 60
490 240
540 150
260 110
420 130
470 530
430 270
300 320
560 340
200 330
230 200
370 460
500 510
290 100
440 190
550 150
400 590
380 410
370 270
590 60
240 480
370 530
560 180
590 50
190 440
480 410
130 160
330 380
570 240
90 90
490 440
210 470
390 170
440 360
150 280
200 430
490 150
140 480
460 550
170 310
400 400
190 460
470 590
280 170
450 370
390 240
360 440
180 380
250 210
260 190
570 380
150 340
450 210
590 560
160 290
190 340
560 200
180 500
380 170
340 280
80 180
440 340
190 330
530 370
250 140
100 220
210 220
450 190
450 370
570 280
230 570
60 140
520 340
200 470
470 500
290 460
240 210
500 70
290 260
320 340
230 320
300 480
100 420
490 390
590 200
380 530
290 150
410 480
440 320
160 60
250 400
460 320
320 350
90 340
170 230
290 140
310 410
170 400
370 290
70 330
140 510
590 290
130 520
160 330
350 260
310 200
570 490
90 330
470 230
110 390
270 380
520 500
300 420
200 70
290 460
440 240
550 130
110 400
530 280
480 130
220 450
490 130
510 60
530 60
300 190
210 570
550 530
540 60
150 210
430 410
360 80
470 430
100 560
120 580
370 390
130 410
50 120
190 110
120 460
50 130
230 170
570 360
90 540
420 340
330 120
260 450
500 90
270 120
170 290
230 570
560 310
360 390
520 490
450 410
430 400
510 320
220 400
400 570
550 560
520 580
280 580
400 580
520 310
450 590
60 460
380 270
480 250
500 50
170 360
380 280
250 240
410 130
310 130
150 310
110 380
360 260
560 340
310 330
220 250
270 290
360 590
330 70
500 140
200 280
160 480
460 500
110 200
320 340
360 260
350 320
230 440
60 430
250 280
400 510
420 130
190 350
570 330
420 340
450 150
510 290
430 190
180 530
360 290
130 250
520 570
410 300
300 200
550 370
490 470
350 230
510 380
220 550
540 220
580 450
370 160
590 450
390 570
350 80
240 410
470 350
120 340
390 370
560 350
160 470
510 500
550 450
410 50
400 450
570 350
330 350
280 80
110 470
140 410
50 510
260 230
190 400
400 210
170 230
150 80
350 450
390 580
360 570
460 90
50 170
240 540
590 130
50 120
50 590
440 70
540 480
580 380
560 250
180 140
100 590
250 200
430 550
530 550
330 320
90 180
570 350
460 300
300 310
250 320
290 120
200 570
190 480
350 550
340 190
170 270
320 270
540 320
390 80
80 470
110 250
280 220
560 300
390 240
240 380
240 220
510 370
160 60
280 550
460 110
560 270
260 60
470 90
200 90
500 400
70 400
100 180
160 120
230 440
290 430
580 90
230 310
160 570
560 110
270 180
170 70
340 250
340 590
340 260
380 210
520 350
550 280
480 200
140 560
120 130
330 560
270 400
520 390
250 480
350 460
210 480
410 540
200 540
480 250
290 220
80 90
450 510
400 150
180 490
590 500
100 50
580 490
350 160
280 480
200 350
550 240
320 210
460 520
390 70
590 100
530 360
530 300
300 420
170 270
470 500
100 590
220 240
50 500
410 520
140 260
550 250
300 230
300 500
360 500
170 240
440 240
260 260
260 440
540 270
370 340
210 210
560 310
320 160
100 160
530 540
270 290
130 310
590 290
480 500
200 450
540 160
60 330
160 230
210 470
550 400
360 310
540 90
550 60
280 580
490 280
570 120
540 70
310 560
360 130
430 390
390 520
370 80
380 250
100 510
370 160
240 480
110 530
290 290
550 380
550 360
430 540
560 90
170 240
490 420
180 240
450 180
560 470
420 560
570 440
430 310
520 140
540 580
270 380
80 410
150 260
330 160
140 150
50 280
240 170
460 60
440 540
250 360
200 70
70 200
590 340
370 240
370 400
400 270
240 310
190 510
350 310
450 380
190 60
150 590
260 470
480 90
210 350
190 70
160 510
440 430
430 450
80 380
320 480
510 220
250 150
260 520
450 200
110 530
220 380
130 290
370 460
570 560
430 560
290 220
270 280
580 530
330 340
200 240
230 560
210 440
500 480
590 210
200 350
560 300
550 220
220 100
150 420
340 50
590 380
190 440
160 420
380 350
390 460
210 190
510 330
320 480
480 510
100 590
210 540
510 210
130 310
530 520
70 520
540 470
230 50
270 500
130 220
310 220
280 530
220 130
110 130
360 590
540 390
370 460
530 120
250 240
400 480
270 230
280 50
400 250
440 430
350 260
250 250
130 190
330 140
350 580
560 300
480 210
540 160
430 310
60 370
410 360
260 230
170 80
120 220
520 250
580 280
240 140
340 390
270 570
210 540
370 500
310 400
560 400
140 400
250 220
300 480
250 350
540 100
530 530
400 580
580 130
310 110
340 340
290 340
330 570
250 320
230 370
190 340
580 70
420 110
590 90
70 150
540 300
590 50
240 70
430 460
140 80
410 110
180 460
120 120
210 440
550 160
520 260
70 350
140 330
360 330
400 560
210 290
450 220
290 130
110 210
140 510
500 200
180 210
400 390
60 560
400 110
430 380
570 400
110 540
410 480
300 280
170 340
480 50
250 260
210 590
80 160
260 570
270 500
410 70
570 560
350 300
440 560
450 280
120 530
100 530
220 370
200 410
450 410
450 590
450 460
370 160
410 130
130 60
280 320
390 490
220 170
250 330
430 270
470 140
200 190
130 380
130 350
250 120
420 440
440 210
370 420
500 80
150 120
280 450
440 300
240 370
470 400
320 220
110 380
430 460
480 320
210 500
80 410
390 80
180 270
570 530
130 290
400 190
60 130
260 480
60 60
190 420
150 230
390 260
200 410
420 110
160 450
270 110
260 150
110 220
540 60
90 190
530 500
270 340
200 230
580 280
520 290
550 50
200 540
370 130
300 220
430 90
170 410
230 450
540 550
460 130
290 100
90 150
580 130
110 120
310 180
100 170
120 260
120 230
420 180
440 370
270 160
180 280
580 170
210 570
400 140
320 340
430 270
400 530
190 200
310 510
210 230
440 400
230 580
120 210
490 490
380 320
500 530
250 200
50 80
240 100
370 90
220 180
310 320
320 220
70 470
410 480
340 260
500 450
370 180
460 320
260 100
430 490
590 440
480 560
140 210
580 480
490 550
110 330
450 550
510 110
190 170
380 490
490 470
490 90
250 230
590 190
560 390
280 430
520 310
570 160
50 420
410 180
420 150
60 220
220 230
70 400
70 440
580 440
240 120
250 450
550 540
570 150
330 140
120 500
160 470
520 50
500 440
520 120
450 110
280 180
180 570
310 100
240 590
230 140
390 340
320 530
290 150
340 570
570 300
490 560
280 360
70 590
330 520
180 110
520 330
180 460
50 290
500 420
550 210
260 350
440 440
70 290
320 550
470 150
280 520
290 260
120 250
70 50
170 210
50 130
380 90
140 50
370 90
450 240
140 470
370 530
480 580
320 420
470 480
60 410
400 570
190 220
380 510
300 60
540 320
180 400
260 400
530 500
570 160
320 70
130 200
390 430
370 280
540 230
220 90
230 180
530 280
520 180
460 230
290 460
70 130
160 480
70 310
340 360
570 250
520 570
70 540
150 140
350 80
470 60
540 330
520 420
240 240
240 160
100 350
570 590
200 320
320 230
340 50
280 50
260 460
80 170
590 380
560 370
580 580
470 430
160 250
170 550
290 500
220 150
380 570
500 450
430 550
160 160
140 80
250 130
590 530
440 440
540 380
520 110
530 460
450 580
130 440
180 440
160 180
540 360
340 320
150 310
200 360
510 220
90 560
120 530
190 70
160 310
460 210
200 510
380 260
480 390
350 450
170 70
450 70
180 510
210 80
290 130
310 480
310 330
460 310
510 590
550 590
330 450
200 330
380 580
520 560
130 460
380 410
550 70
200 240
510 510
410 90
70 280
540 90
130 490
70 270
430 470
580 250
160 280
510 550
310 280
240 70
450 250
400 350
560 220
380 480
550 470
440 60
520 420
80 160
490 540
110 580
580 230
370 110
590 250
70 180
100 270
420 450
50 170
200 480
100 440
410 140
380 270
300 240
450 380
90 420
410 310
300 530
420 360
190 70
150 100
410 560
510 150
420 140
230 140
570 280
220 280
470 190
360 450
310 530
70 50
80 210
90 260
520 290
120 170
340 540
70 460
590 320
310 140
520 70
200 530
150 530
60 130
80 430
450 500
140 180
470 180
480 220
160 520
230 240
90 430
250 520
320 280
220 260
280 170
530 440
370 270
360 70
110 360
100 280
80 590
400 240
310 90
80 480
150 120
360 410
350 550
220 110
170 100
310 380
60 120
140 330
270 260
350 100
300 190
280 530
100 200
100 310
140 460
80 180
530 90
480 340
90 240
80 110
60 240
380 160
420 550
430 380
340 110
480 570
400 230
420 540
340 400
250 180
180 530
280 440
230 510
120 380
360 100
170 590
520 340
550 140
130 320
50 370
130 590
370 340
540 470
460 590
370 350
300 500
80 70
230 390
110 380
240 370
340 260
270 540
450 460
500 370
180 450
340 230
270 60
60 520
240 450
170 260
370 510
500 210
80 360
520 550
310 540
280 220
230 110
250 360
340 540
150 60
180 560
520 450
200 70
120 270
350 500
330 310
70 110
230 350
290 590
230 310
220 370
370 270
220 190
220 400
590 140
540 350
460 130
90 540
60 120
470 280
490 240
550 440
300 210
220 230
580 70
530 80
160 410
400 110
170 190
460 140
570 150
160 450
100 200
570 100
460 270
540 50
480 340
110 410
180 140
130 570
70 570
70 100
310 80
240 580
140 580
130 490
290 470
160 310
300 220
390 240
380 280
560 530
70 230
500 210
250 300
410 550
210 430
200 90
280 570
420 500
490 100
420 330
170 250
330 310
500 300
410 190
590 90
230 450
450 560
540 590
340 490
450 280
260 120
140 370
590 510
220 170
400 220
470 150
250 100
390 260
170 480
410 50
350 70
560 420
530 500
220 370
200 380
120 240
140 560
100 260
400 100
360 150
590 130
210 560
110 180
540 250
260 510
500 540
480 370
480 390
310 240
260 110
100 260
160 410
50 240
310 350
240 120
350 380
190 150
300 230
510 490
60 580
590 570
50 510
350 140
120 520
540 400
200 330
140 210
250 200
370 350
530 60
300 110
300 120
70 480
500 560
170 450
180 430
310 330
290 480
530 150
120 350
570 70
310 500
220 220
520 490
280 260
340 380
80 350
290 260
390 590
180 200
570 500
360 470
510 90
230 590
190 90
190 530
260 390
70 130
170 460
320 210
540 480
150 70
260 160
450 210
270 550
400 490
380 580
150 550
380 350
560 560
440 530
540 300
460 170
230 360
90 550
170 520
290 160
550 150
370 360
420 220
420 590
90 220
400 440
140 420
440 440
380 490
250 200
100 180
290 480
230 380
490 480
170 230
530 430
290 560
240 100
500 320
230 280
60 380
500 100
350 200
70 260
160 450
460 310
580 220
280 470
530 450
320 560
200 380
370 170
80 150
70 310
470 490
160 150
350 140
260 390
70 410
580 530
50 130
510 200
420 300
420 190
290 250
250 540
120 570
290 310
130 310
520 390
550 200
210 400
250 420
570 120
460 130
450 270
580 470
570 440
240 320
280 480
520 280
330 220
430 280
550 50
320 350
580 400
500 150
570 330
60 100
280 150
570 520
100 560
210 350
220 410
100 140
560 370
200 290
250 540
110 160
80 170
210 60
450 310
180 270
480 90
380 180
450 140
580 350
430 360
480 240
100 480
50 160
180 140
70 70
490 180
400 250
120 190
60 140
480 530
380 400
460 510
410 510
60 450
140 350
460 100
340 450
340 280
260 130
290 550
490 140
190 410
540 400
440 450
480 110
490 400
230 420
100 310
450 420
410 280
490 80
310 220
400 350
350 60
590 370
590 380
260 580
70 70
250 250
520 140
270 310
220 100
400 300
230 470
530 380
160 90
270 50
460 90
230 370
530 250
400 290
380 50
110 210
300 430
250 110
430 80
250 70
500 50
570 460
420 100
550 530
550 560
300 470
590 440
310 130
350 310
290 390
410 320
430 550
470 440
440 100
170 310
260 500
150 180
320 470
580 180
100 230
80 100
450 90
420 260
340 150
390 250
230 320
360 510
400 170
60 330
240 170
470 250
290 70
190 540
320 290
540 420
380 120
280 540
240 370
230 430
230 220
60 410
590 130
400 360
360 130
420 240
300 250
480 300
470 570
320 510
570 320
160 370
210 590
110 310
210 90
250 230
470 330
390 100
490 190
60 390
300 220
470 100
160 110
210 190
430 380
380 530
450 260
590 230
180 210
150 230
120 160
300 530
450 490
150 360
340 200
330 260
160 530
440 70
90 550
120 530
480 470
590 390
500 110
430 530
100 480
250 360
380 370
410 480
290 550
140 50
110 240
360 220
60 380
450 190
190 530
150 570
60 350
60 130
290 310
130 450
100 520
500 550
440 120
440 70
190 570
420 400
100 230
320 270
310 100
260 440
290 500
210 350
250 470
150 120
320 70
290 500
180 510
120 190
320 310
340 570
90 540
380 390
180 500
330 260
80 490
480 510
380 180
330 400
570 490
100 340
150 80
130 170
180 400
260 300
130 60
190 360
60 260
400 440
400 250
360 350
100 90
200 580
520 440
460 460
310 260
140 180
560 80
80 550
220 310
530 500
380 430
180 210
360 100
570 400
240 140
410 490
360 490
280 180
130 220
290 140
330 410
180 320
500 390
310 460
60 380
260 110
550 510
230 320
140 160
200 530
300 500
370 450
280 540
470 520
560 480
170 100
160 410
70 220
480 170
560 500
440 440
210 50
240 100
450 180
390 130
210 120
470 320
460 550
200 160
140 410
500 420
250 340
210 360
240 500
590 480
450 120
330 160
390 210
390 290
180 400
510 290
440 100
480 220
340 440
210 70
240 70
70 180
90 70
250 530
570 190
580 50
490 400
550 390
490 80
360 180
360 410
320 330
440 280
130 290
330 460
450 540
360 180
490 130
460 190
530 380
300 380
130 420
50 140
470 260
430 250
240 490
470 430
570 190
230 200
490 170
320 590
550 330
60 510
370 220
580 450
50 410
50 160
210 490
60 50
470 210
450 90
140 360
530 430
330 160
440 70
390 130
550 510
540 250
60 440
550 120
450 270
230 450
110 590
590 320
140 130
130 430
300 380
360 250
200 80
320 330
290 160
150 520
70 510
180 110
200 60
570 480
540 100
380 480
340 390
230 550
100 140
350 50
560 450
60 580
220 150
390 520
390 280
70 70
470 250
540 360
90 300
250 450
150 400
430 360
450 440
530 160
430 190
330 440
330 150
240 530
480 460
260 290
300 440
170 520
60 520
410 130
310 220
590 100
540 460
270 590
540 490
510 310
340 180
340 90
230 480
110 450
480 350
380 370
430 320
180 490
140 390
580 80
360 330
80 150
470 270
310 100
250 220
50 110
60 580
90 510
290 420
80 290
280 440
140 470
580 180
470 330
140 60
520 100
390 130
550 70
210 220
100 300
230 160
430 50
170 250
350 130
90 310
370 450
200 380
300 410
350 450
320 410
470 460
510 220
300 560
380 370
440 520
530 330
240 400
530 280
470 100
360 350
380 390
70 270
350 150
580 570
60 60
120 530
280 140
510 570
330 310
450 370
220 520
300 440
510 230
80 80
150 390
130 270
320 120
490 580
210 520
210 220
110 230
500 590
580 540
330 440
310 160
70 450
70 310
550 220
450 380
70 190
420 120
570 570
480 180
330 360
300 200
420 560
410 50
310 90
190 590
280 550
130 330
520 160
100 280
320 70
140 580
150 350
530 100
150 390
210 190
460 340
440 530
230 520
590 470
230 230
150 580
380 470
530 490
430 340
250 130
440 90
280 260
500 210
190 300
380 280
90 240
510 580
240 560
250 140
570 550
370 530
380 310
240 470
500 460
330 170
190 480
330 240
180 590
580 380
150 360
500 190
230 400
400 400
140 340
70 470
220 310
400 180
240 590
430 430
150 280
230 210
50 350
190 490
80 90
110 100
240 100
90 100
420 240
540 290
210 480
450 530
160 180
210 550
550 590
440 400
340 70
370 280
150 350
500 370
490 430
590 400
50 80
350 190
240 250
350 570
290 590
50 330
200 220
520 460
390 70
430 440
360 400
160 180
500 580
280 160
210 140
250 360
250 490
70 220
240 450
450 450
180 260
510 420
400 280
430 560
260 400
300 400
230 300
410 410
400 460
150 200
200 250
70 190
350 380
490 290
300 140
430 390
110 170
470 560
420 550
310 90
280 490
100 370
220 70
250 460
470 360
560 230
330 390
350 290
450 120
130 460
520 340
340 180
200 530
530 500
560 100
80 260
270 350
340 150
80 530
500 380
100 90
450 150
510 400
80 530
580 530
340 220
430 130
210 510
590 200
450 200
130 570
200 290
330 360
460 210
390 340
470 60
50 370
480 200
280 190
210 550
350 460
300 490
580 510
200 50
170 370
250 130
120 370
400 300
50 190
430 130
70 230
60 200
350 150
280 490
530 440
400 400
420 430
510 370
130 340
450 90
50 90
260 510
320 270
480 440
360 500
140 390
530 220
550 490
320 510
370 160
250 430
500 170
240 390
80 160
