1.0 0.0
0.989899 0.01010101
1.0 0.0
1.0 0.0
1.0 0.0
1.0 0.0
1.0 0.0
1.0 0.0
0.989899 0.01010101
1.0 0.0
0.97979796 0.02020202
0.989899 0.01010101
1.0 0.0
0.989899 0.01010101
0.97979796 0.02020202
1.0 0.0
1.0 0.0
0.969697 0.030303031
0.989899 0.01010101
1.0 0.0
1.0 0.0
1.0 0.0
0.969697 0.030303031
1.0 0.0
0.989899 0.01010101
0.969697 0.030303031
0.969697 0.030303031
0.989899 0.01010101
0.989899 0.01010101
1.0 0.0
1.0 0.0
0.97979796 0.02020202
0.97979796 0.02020202
1.0 0.0
0.989899 0.01010101
0.97979796 0.02020202
0.97979796 0.02020202
1.0 0.0
1.0 0.0
0.97979796 0.02020202
0.97979796 0.02020202
1.0 0.0
1.0 0.0
0.97979796 0.02020202
0.989899 0.01010101
0.969697 0.030303031
1.0 0.0
0.97979796 0.02020202
0.97979796 0.02020202
1.0 0.0
0.969697 0.030303031
0.97979796 0.02020202
0.97979796 0.02020202
0.959596 0.04040404
0.97979796 0.02020202
0.989899 0.01010101
0.989899 0.01010101
0.989899 0.01010101
0.969697 0.030303031
0.989899 0.01010101
0.969697 0.030303031
0.969697 0.030303031
0.969697 0.030303031
0.959596 0.04040404
0.97979796 0.02020202
0.989899 0.01010101
0.97979796 0.02020202
0.969697 0.030303031
0.97979796 0.02020202
0.969697 0.030303031
0.97979796 0.02020202
0.989899 0.01010101
0.959596 0.04040404
0.989899 0.01010101
0.97979796 0.02020202
0.97979796 0.02020202
0.959596 0.04040404
0.9191919 0.08080808
0.97979796 0.02020202
0.989899 0.01010101
0.959596 0.04040404
0.94949496 0.05050505
0.94949496 0.05050505
0.97979796 0.02020202
0.959596 0.04040404
0.94949496 0.05050505
0.97979796 0.02020202
0.959596 0.04040404
0.97979796 0.02020202
0.959596 0.04040404
0.969697 0.030303031
0.959596 0.04040404
0.969697 0.030303031
0.959596 0.04040404
0.94949496 0.05050505
0.989899 0.01010101
0.969697 0.030303031
0.959596 0.04040404
0.989899 0.01010101
0.969697 0.030303031
0.989899 0.01010101
0.97979796 0.02020202
0.93939394 0.060606062
0.969697 0.030303031
0.94949496 0.05050505
0.969697 0.030303031
0.94949496 0.05050505
0.969697 0.030303031
0.959596 0.04040404
0.94949496 0.05050505
0.94949496 0.05050505
0.93939394 0.060606062
0.959596 0.04040404
0.93939394 0.060606062
0.97979796 0.02020202
0.97979796 0.02020202
0.959596 0.04040404
0.9191919 0.08080808
0.93939394 0.060606062
0.94949496 0.05050505
0.90909094 0.09090909
0.959596 0.04040404
0.93939394 0.060606062
0.969697 0.030303031
0.93939394 0.060606062
0.94949496 0.05050505
0.959596 0.04040404
0.959596 0.04040404
0.969697 0.030303031
0.97979796 0.02020202
0.959596 0.04040404
0.959596 0.04040404
0.969697 0.030303031
0.959596 0.04040404
0.969697 0.030303031
0.93939394 0.060606062
0.93939394 0.060606062
0.93939394 0.060606062
0.97979796 0.02020202
0.90909094 0.09090909
0.9191919 0.08080808
0.93939394 0.060606062
0.969697 0.030303031
0.97979796 0.02020202
0.9191919 0.08080808
0.93939394 0.060606062
0.93939394 0.060606062
0.93939394 0.060606062
0.94949496 0.05050505
0.8989899 0.1010101
0.959596 0.04040404
0.989899 0.01010101
0.9292929 0.07070707
0.969697 0.030303031
0.94949496 0.05050505
0.94949496 0.05050505
0.959596 0.04040404
0.959596 0.04040404
0.9191919 0.08080808
0.959596 0.04040404
0.9191919 0.08080808
0.93939394 0.060606062
0.93939394 0.060606062
0.969697 0.030303031
0.93939394 0.060606062
0.90909094 0.09090909
0.94949496 0.05050505
0.94949496 0.05050505
0.9292929 0.07070707
0.9191919 0.08080808
0.93939394 0.060606062
0.959596 0.04040404
0.90909094 0.09090909
0.9191919 0.08080808
0.94949496 0.05050505
0.90909094 0.09090909
0.969697 0.030303031
0.959596 0.04040404
0.8888889 0.11111111
0.959596 0.04040404
0.97979796 0.02020202
0.94949496 0.05050505
0.959596 0.04040404
0.9292929 0.07070707
0.9292929 0.07070707
0.959596 0.04040404
0.9191919 0.08080808
0.959596 0.04040404
0.959596 0.04040404
0.93939394 0.060606062
0.9292929 0.07070707
0.969697 0.030303031
0.93939394 0.060606062
0.90909094 0.09090909
0.90909094 0.09090909
0.9292929 0.07070707
0.93939394 0.060606062
0.9191919 0.08080808
0.8888889 0.11111111
0.9292929 0.07070707
0.94949496 0.05050505
0.90909094 0.09090909
0.94949496 0.05050505
0.969697 0.030303031
0.9292929 0.07070707
0.9292929 0.07070707
0.9191919 0.08080808
0.90909094 0.09090909
0.8888889 0.11111111
0.93939394 0.060606062
0.969697 0.030303031
0.94949496 0.05050505
0.86868685 0.13131313
0.969697 0.030303031
0.9292929 0.07070707
0.989899 0.01010101
0.94949496 0.05050505
0.90909094 0.09090909
0.85858583 0.14141414
0.86868685 0.13131313
0.9191919 0.08080808
0.8989899 0.1010101
0.93939394 0.060606062
0.8888889 0.11111111
0.9191919 0.08080808
0.8888889 0.11111111
0.94949496 0.05050505
0.90909094 0.09090909
0.9191919 0.08080808
0.94949496 0.05050505
0.9191919 0.08080808
0.9292929 0.07070707
0.97979796 0.02020202
0.94949496 0.05050505
0.94949496 0.05050505
0.93939394 0.060606062
0.9292929 0.07070707
0.9191919 0.08080808
0.94949496 0.05050505
0.94949496 0.05050505
0.93939394 0.060606062
0.8888889 0.11111111
0.93939394 0.060606062
0.959596 0.04040404
0.93939394 0.060606062
0.9292929 0.07070707
0.9292929 0.07070707
0.93939394 0.060606062
0.9292929 0.07070707
0.90909094 0.09090909
0.8989899 0.1010101
0.9191919 0.08080808
0.94949496 0.05050505
0.8989899 0.1010101
0.8989899 0.1010101
0.94949496 0.05050505
0.8484849 0.15151516
0.8787879 0.121212125
0.9191919 0.08080808
0.959596 0.04040404
0.9292929 0.07070707
0.93939394 0.060606062
0.9191919 0.08080808
0.94949496 0.05050505
0.9292929 0.07070707
0.8787879 0.121212125
0.9191919 0.08080808
0.959596 0.04040404
0.85858583 0.14141414
0.90909094 0.09090909
0.8888889 0.11111111
0.8888889 0.11111111
0.90909094 0.09090909
0.8989899 0.1010101
0.9191919 0.08080808
0.94949496 0.05050505
0.85858583 0.14141414
0.93939394 0.060606062
0.8888889 0.11111111
0.8989899 0.1010101
0.8989899 0.1010101
0.9191919 0.08080808
0.86868685 0.13131313
0.85858583 0.14141414
0.9292929 0.07070707
0.94949496 0.05050505
0.90909094 0.09090909
0.9191919 0.08080808
0.8888889 0.11111111
0.90909094 0.09090909
0.90909094 0.09090909
0.8989899 0.1010101
0.9191919 0.08080808
0.90909094 0.09090909
0.959596 0.04040404
0.8989899 0.1010101
0.9191919 0.08080808
0.93939394 0.060606062
0.8989899 0.1010101
0.9292929 0.07070707
0.86868685 0.13131313
0.83838385 0.16161616
0.8787879 0.121212125
0.9292929 0.07070707
0.90909094 0.09090909
0.93939394 0.060606062
0.8989899 0.1010101
0.86868685 0.13131313
0.8989899 0.1010101
0.8888889 0.11111111
0.90909094 0.09090909
0.9191919 0.08080808
0.90909094 0.09090909
0.86868685 0.13131313
0.8989899 0.1010101
0.9191919 0.08080808
0.93939394 0.060606062
0.8484849 0.15151516
0.86868685 0.13131313
0.8989899 0.1010101
0.90909094 0.09090909
0.8888889 0.11111111
0.8484849 0.15151516
0.90909094 0.09090909
0.8484849 0.15151516
0.8787879 0.121212125
0.90909094 0.09090909
0.8787879 0.121212125
0.9292929 0.07070707
0.93939394 0.060606062
0.94949496 0.05050505
0.8888889 0.11111111
0.86868685 0.13131313
0.7979798 0.2020202
0.8888889 0.11111111
0.8989899 0.1010101
0.86868685 0.13131313
0.8989899 0.1010101
0.8787879 0.121212125
0.93939394 0.060606062
0.9191919 0.08080808
0.9191919 0.08080808
0.8888889 0.11111111
0.85858583 0.14141414
0.85858583 0.14141414
0.8484849 0.15151516
0.83838385 0.16161616
0.90909094 0.09090909
0.90909094 0.09090909
0.8787879 0.121212125
0.90909094 0.09090909
0.8787879 0.121212125
0.8989899 0.1010101
0.85858583 0.14141414
0.8888889 0.11111111
0.90909094 0.09090909
0.93939394 0.060606062
0.8484849 0.15151516
0.90909094 0.09090909
0.9191919 0.08080808
0.8989899 0.1010101
0.8484849 0.15151516
0.8989899 0.1010101
0.85858583 0.14141414
0.85858583 0.14141414
0.9191919 0.08080808
0.82828283 0.17171717
0.9292929 0.07070707
0.8888889 0.11111111
0.90909094 0.09090909
0.90909094 0.09090909
0.9292929 0.07070707
0.8787879 0.121212125
0.8181818 0.18181819
0.9191919 0.08080808
0.8484849 0.15151516
0.8888889 0.11111111
0.85858583 0.14141414
0.8484849 0.15151516
0.82828283 0.17171717
0.83838385 0.16161616
0.8080808 0.1919192
0.8080808 0.1919192
0.8888889 0.11111111
0.8080808 0.1919192
0.86868685 0.13131313
0.8888889 0.11111111
0.8787879 0.121212125
0.86868685 0.13131313
0.83838385 0.16161616
0.83838385 0.16161616
0.9191919 0.08080808
0.8989899 0.1010101
0.85858583 0.14141414
0.82828283 0.17171717
0.85858583 0.14141414
0.82828283 0.17171717
0.8787879 0.121212125
0.83838385 0.16161616
0.7878788 0.21212122
0.83838385 0.16161616
0.86868685 0.13131313
0.7878788 0.21212122
0.86868685 0.13131313
0.8989899 0.1010101
0.8484849 0.15151516
0.82828283 0.17171717
0.85858583 0.14141414
0.83838385 0.16161616
0.7979798 0.2020202
0.8787879 0.121212125
0.8787879 0.121212125
0.9191919 0.08080808
0.85858583 0.14141414
0.8787879 0.121212125
0.8787879 0.121212125
0.8484849 0.15151516
0.8787879 0.121212125
0.86868685 0.13131313
0.82828283 0.17171717
0.90909094 0.09090909
0.8888889 0.11111111
0.86868685 0.13131313
0.8181818 0.18181819
0.85858583 0.14141414
0.8181818 0.18181819
0.8888889 0.11111111
0.8181818 0.18181819
0.85858583 0.14141414
0.86868685 0.13131313
0.83838385 0.16161616
0.83838385 0.16161616
0.8888889 0.11111111
0.7878788 0.21212122
0.85858583 0.14141414
0.8181818 0.18181819
0.83838385 0.16161616
0.7878788 0.21212122
0.8080808 0.1919192
0.82828283 0.17171717
0.7777778 0.22222222
0.82828283 0.17171717
0.8181818 0.18181819
0.90909094 0.09090909
0.8080808 0.1919192
0.7979798 0.2020202
0.8484849 0.15151516
0.83838385 0.16161616
0.8888889 0.11111111
0.7373737 0.26262626
0.85858583 0.14141414
0.8181818 0.18181819
0.85858583 0.14141414
0.90909094 0.09090909
0.82828283 0.17171717
0.8080808 0.1919192
0.85858583 0.14141414
0.8181818 0.18181819
0.7777778 0.22222222
0.8080808 0.1919192
0.8888889 0.11111111
0.86868685 0.13131313
0.83838385 0.16161616
0.86868685 0.13131313
0.8181818 0.18181819
0.82828283 0.17171717
0.82828283 0.17171717
0.86868685 0.13131313
0.8787879 0.121212125
0.82828283 0.17171717
0.8484849 0.15151516
0.8484849 0.15151516
0.83838385 0.16161616
0.8080808 0.1919192
0.8181818 0.18181819
0.83838385 0.16161616
0.90909094 0.09090909
0.83838385 0.16161616
0.83838385 0.16161616
0.7777778 0.22222222
0.85858583 0.14141414
0.85858583 0.14141414
0.8080808 0.1919192
0.82828283 0.17171717
0.85858583 0.14141414
0.8787879 0.121212125
0.7979798 0.2020202
0.83838385 0.16161616
0.8484849 0.15151516
0.8787879 0.121212125
0.86868685 0.13131313
0.8181818 0.18181819
0.9191919 0.08080808
0.8181818 0.18181819
0.8080808 0.1919192
0.82828283 0.17171717
0.7979798 0.2020202
0.82828283 0.17171717
0.8888889 0.11111111
0.7878788 0.21212122
0.7878788 0.21212122
0.8989899 0.1010101
0.8484849 0.15151516
0.7979798 0.2020202
0.82828283 0.17171717
0.85858583 0.14141414
0.8181818 0.18181819
0.83838385 0.16161616
0.82828283 0.17171717
0.8080808 0.1919192
0.9191919 0.08080808
0.8888889 0.11111111
0.82828283 0.17171717
0.8888889 0.11111111
0.83838385 0.16161616
0.7979798 0.2020202
0.86868685 0.13131313
0.86868685 0.13131313
0.82828283 0.17171717
0.83838385 0.16161616
0.83838385 0.16161616
0.8080808 0.1919192
0.82828283 0.17171717
0.82828283 0.17171717
0.83838385 0.16161616
0.83838385 0.16161616
0.82828283 0.17171717
0.83838385 0.16161616
0.8080808 0.1919192
0.7777778 0.22222222
0.7676768 0.23232323
0.74747473 0.25252524
0.82828283 0.17171717
0.8080808 0.1919192
0.86868685 0.13131313
0.82828283 0.17171717
0.83838385 0.16161616
0.82828283 0.17171717
0.7676768 0.23232323
0.83838385 0.16161616
0.82828283 0.17171717
0.82828283 0.17171717
0.8181818 0.18181819
0.7878788 0.21212122
0.8181818 0.18181819
0.82828283 0.17171717
0.7979798 0.2020202
0.8484849 0.15151516
0.82828283 0.17171717
0.8484849 0.15151516
0.7373737 0.26262626
0.7777778 0.22222222
0.82828283 0.17171717
0.7777778 0.22222222
0.82828283 0.17171717
0.83838385 0.16161616
0.8181818 0.18181819
0.85858583 0.14141414
0.85858583 0.14141414
0.7878788 0.21212122
0.82828283 0.17171717
0.83838385 0.16161616
0.7979798 0.2020202
0.7777778 0.22222222
0.7878788 0.21212122
0.8181818 0.18181819
0.8787879 0.121212125
0.8181818 0.18181819
0.75757575 0.24242425
0.74747473 0.25252524
0.75757575 0.24242425
0.8080808 0.1919192
0.8181818 0.18181819
0.8484849 0.15151516
0.86868685 0.13131313
0.8181818 0.18181819
0.8080808 0.1919192
0.8181818 0.18181819
0.8989899 0.1010101
0.7171717 0.28282827
0.7979798 0.2020202
0.85858583 0.14141414
0.75757575 0.24242425
0.8080808 0.1919192
0.86868685 0.13131313
0.75757575 0.24242425
0.7878788 0.21212122
0.7777778 0.22222222
0.74747473 0.25252524
0.8080808 0.1919192
0.7777778 0.22222222
0.8181818 0.18181819
0.74747473 0.25252524
0.83838385 0.16161616
0.7878788 0.21212122
0.7878788 0.21212122
0.82828283 0.17171717
0.8080808 0.1919192
0.8080808 0.1919192
0.7171717 0.28282827
0.7373737 0.26262626
0.72727275 0.27272728
0.8484849 0.15151516
0.7979798 0.2020202
0.8181818 0.18181819
0.86868685 0.13131313
0.82828283 0.17171717
0.7979798 0.2020202
0.74747473 0.25252524
0.7979798 0.2020202
0.7676768 0.23232323
0.7979798 0.2020202
0.82828283 0.17171717
0.8080808 0.1919192
0.7676768 0.23232323
0.7979798 0.2020202
0.8787879 0.121212125
0.7777778 0.22222222
0.74747473 0.25252524
0.7171717 0.28282827
0.7777778 0.22222222
0.7676768 0.23232323
0.7878788 0.21212122
0.75757575 0.24242425
0.8181818 0.18181819
0.72727275 0.27272728
0.7878788 0.21212122
0.7878788 0.21212122
0.7878788 0.21212122
0.85858583 0.14141414
0.82828283 0.17171717
0.85858583 0.14141414
0.7373737 0.26262626
0.7676768 0.23232323
0.75757575 0.24242425
0.85858583 0.14141414
0.75757575 0.24242425
0.7676768 0.23232323
0.8080808 0.1919192
0.7979798 0.2020202
0.7979798 0.2020202
0.8080808 0.1919192
0.7878788 0.21212122
0.67676765 0.32323232
0.8080808 0.1919192
0.86868685 0.13131313
0.7676768 0.23232323
0.86868685 0.13131313
0.8080808 0.1919192
0.8080808 0.1919192
0.74747473 0.25252524
0.82828283 0.17171717
0.7979798 0.2020202
0.7878788 0.21212122
0.7676768 0.23232323
0.7979798 0.2020202
0.8989899 0.1010101
0.7373737 0.26262626
0.7979798 0.2020202
0.7878788 0.21212122
0.75757575 0.24242425
0.7676768 0.23232323
0.7373737 0.26262626
0.7676768 0.23232323
0.7979798 0.2020202
0.7676768 0.23232323
0.7979798 0.2020202
0.72727275 0.27272728
0.74747473 0.25252524
0.68686867 0.3131313
0.7979798 0.2020202
0.7979798 0.2020202
0.8181818 0.18181819
0.8181818 0.18181819
0.75757575 0.24242425
0.7979798 0.2020202
0.7373737 0.26262626
0.7676768 0.23232323
0.74747473 0.25252524
0.75757575 0.24242425
0.8080808 0.1919192
0.75757575 0.24242425
0.7676768 0.23232323
0.8181818 0.18181819
0.7878788 0.21212122
0.75757575 0.24242425
0.7171717 0.28282827
0.7070707 0.2929293
0.74747473 0.25252524
0.74747473 0.25252524
0.7878788 0.21212122
0.8080808 0.1919192
0.7777778 0.22222222
0.85858583 0.14141414
0.7878788 0.21212122
0.72727275 0.27272728
0.74747473 0.25252524
0.75757575 0.24242425
0.67676765 0.32323232
0.7676768 0.23232323
0.7676768 0.23232323
0.7373737 0.26262626
0.7070707 0.2929293
0.7878788 0.21212122
0.8080808 0.1919192
0.7676768 0.23232323
0.8080808 0.1919192
0.75757575 0.24242425
0.7373737 0.26262626
0.82828283 0.17171717
0.82828283 0.17171717
0.7373737 0.26262626
0.7373737 0.26262626
0.72727275 0.27272728
0.75757575 0.24242425
0.7070707 0.2929293
0.6666667 0.33333334
0.8181818 0.18181819
0.7878788 0.21212122
0.74747473 0.25252524
0.7878788 0.21212122
0.7979798 0.2020202
0.6666667 0.33333334
0.7878788 0.21212122
0.74747473 0.25252524
0.6969697 0.3030303
0.7777778 0.22222222
0.7979798 0.2020202
0.74747473 0.25252524
0.7373737 0.26262626
0.8080808 0.1919192
0.8080808 0.1919192
0.8080808 0.1919192
0.74747473 0.25252524
0.7676768 0.23232323
0.75757575 0.24242425
0.7676768 0.23232323
0.7979798 0.2020202
0.72727275 0.27272728
0.7676768 0.23232323
0.7070707 0.2929293
0.65656567 0.34343433
0.6969697 0.3030303
0.74747473 0.25252524
0.7878788 0.21212122
0.8080808 0.1919192
0.74747473 0.25252524
0.83838385 0.16161616
0.67676765 0.32323232
0.737